466,868,619
466,868,970
466,868,828
424,324,582
424,324,922
424,324,975
466,868,233
466,868,255
466,868,773
69,7,96
69,7,425
69,7,563
731,268,86
731,268,927
731,268,238
307,649,628
307,649,254
307,649,727
208,448,456
208,448,546
208,448,701
568,349,106
568,349,395
568,349,103
469,62,385
469,62,646
469,62,393
568,349,1
568,349,661
568,349,172
339,368,438
339,368,640
339,368,870
307,649,993
307,649,363
307,649,361
339,368,219
339,368,442
339,368,959
367,415,591
367,415,88
367,415,824
568,349,919
568,349,897
568,349,189
630,806,274
630,806,921
630,806,493
98,433,119
98,433,74
98,433,768
307,649,144
307,649,299
307,649,268
469,62,206
469,62,679
469,62,282
975,89,327
975,89,308
975,89,412
408,285,199
408,285,852
408,285,616
307,649,531
307,649,566
307,649,281
975,89,777
975,89,822
975,89,149
